' 1111111111. ¹⁷7

11 1111111, 1111111 1111111111111111111111
1111111111111111111111λ111 edoma? τε
mazam& 11 1111111111111111111

131. 1111111111 111111, 11111111 111111
11111111111111111111 mm 1!on

oflohomonssumdmo 111111 111111·
1111 111 11111111 1111111111, 1111111111 11111
ο1111111ξ1111111111 1111111111111111111111
1111111111. 1111 1111111, qm 1 m·
1111111111111111111111, mltum 11111111·
1111111111,111111111111111111111111111-
1111, 111111 ,11111111 1111111111, 111111
11111 11111111 1 1111, 1111111111111111111
,11111111111111111111111111 11111111·
11111111111,1.11111111111 1111111111
1 1111111 1111111111111111111 1111. 111111·
1 1111111111111 ,111111111111 111111 1ο
1111111111 111 1111111111, 11111111 1111111 111 ·
1111111111111111 1111111111111111, 11
1111111111111111111111111111111111111111·
1 1111111,11111111111,11111 11111111
111111111111.111111111111111111 1 111111·
1111111111· 1111111111,ι 11111 1111111111·
1111111111,1111111111111111111111111111111
11111 11111111111111 1111111111111-

111111. 11 1111111111, 11111 mmmmm

A

 

